 	    [
            [
              100.61723470687866,
              13.92719441861313
            ],
            [
              100.61541080474854,
              13.928069145372707
            ],
            [
              100.61362981796265,
              13.925174203679388
            ],
            [
              100.61225652694701,
              13.925861495278335
            ],
            [
              100.61253547668457,
              13.926319688541946
            ],
            [
              100.61176300048828,
              13.92748599456762
            ],
            [
              100.6103253364563,
              13.92819410606802
            ],
            [
              100.60970306396484,
              13.927215245479221
            ],
            [
              100.6088662147522,
              13.927694262881257
            ],
            [
              100.60770750045776,
              13.928152452510421
            ],
            [
              100.59719324111938,
              13.909615874452154
            ],
            [
              100.5974507331848,
              13.908616106664352
            ],
            [
              100.59157133102417,
              13.898409896734055
            ],
            [
              100.59560537338257,
              13.89624362286201
            ],
            [
              100.59706449508667,
              13.898701508976867
            ],
            [
              100.60075521469115,
              13.896681045180548
            ],
            [
              100.60174226760863,
              13.896014496555896
            ],
            [
              100.6199598312378,
              13.925590744286414
            ],
            [
              100.61723470687866,
              13.92719441861313
            ]
          ]
